42,4
42,3
42,2
42,1
42,0
41,5
41,4
41,3
41,2
41,1
41,0
40,3
40,2
0,9
40,1
40,0
39,52
39,51
39,50
39,49
39,48
39,47
39,46
39,45
39,44
39,43
39,42
39,41
39,40
39,39
39,38
39,37
39,36
39,35
3,2
3,1
3,3
10,106
10,308
10,286
10,266
10,270
10,28
10,172
11,4
11,12
8,8
8,9
8,15
8,2
8,3
20,3
20,2
20,1
19,3
19,2
19,1
18,3
18,1
14,3
14,1
13,3
13,1
12,3
12,2
12,1
11,29
11,28
11,27
11,26
11,25
11,24
11,23
11,22
11,21
11,20
11,18
11,16
11,15
11,14
11,10
11,9
11,8
11,7
11,6
11,3
11,2
11,1
10,296
10,282
10,267
10,264
10,252
10,247
10,245
10,234
10,226
10,220
10,201
10,200
10,198
10,186
10,178
10,168
10,164
